Performance Evaluation:
              precision    recall  f1-score   support

           1      0.811     0.736     0.772      1661
           0      0.988     0.989     0.989     38315
           2      0.826     0.774     0.799       702
           3      0.835     0.831     0.833      1617
           4      0.869     0.954     0.910      1156
           5      0.845     0.857     0.851      1668
           6      0.715     0.744     0.729       835
           7      0.644     0.671     0.658       216
           8      0.768     0.759     0.763       257

    accuracy                          0.958     46427
   macro avg      0.811     0.813     0.811     46427
weighted avg      0.958     0.958     0.958     46427


Performance Evaluation (excluding 'O'):
              precision    recall  f1-score   support

           1      0.811     0.736     0.772      1661
           2      0.826     0.774     0.799       702
           3      0.835     0.831     0.833      1617
           4      0.869     0.954     0.910      1156
           5      0.845     0.857     0.851      1668
           6      0.715     0.744     0.729       835
           7      0.644     0.671     0.658       216
           8      0.768     0.759     0.763       257

   micro avg      0.817     0.814     0.815      8112
   macro avg      0.789     0.791     0.789      8112
weighted avg      0.817     0.814     0.815      8112
